123 123 -2 1
124 123 -1 1
125 123 -1 1
126 123 -1 1
127 123 -1 1
128 123 -1 1
129 123 -1 1
132 123 0 -1
134 123 0 0
135 123 0 0
136 123 0 0
137 123 0 0
138 123 0 0
139 123 0 0
142 123 0 0
143 123 -1 1
145 123 0 1
146 123 0 1
147 123 0 1
148 123 0 1
149 123 0 1
152 123 0 0
153 123 -1 1
154 123 0 1
156 123 0 1
157 123 0 1
158 123 0 1
159 123 0 1
162 123 0 0
163 123 -1 1
164 123 0 1
165 123 0 1
167 123 0 1
168 123 0 1
169 123 0 1
172 123 0 0
173 123 -1 1
174 123 0 1
175 123 0 1
176 123 0 1
178 123 0 1
179 123 0 1
182 123 0 0
183 123 -1 1
184 123 0 1
185 123 0 1
186 123 0 1
187 123 0 1
189 123 0 1
192 123 0 0
193 123 -1 1
194 123 0 1
195 123 0 1
196 123 0 1
197 123 0 1
198 123 0 1
213 123 0 -1
214 123 1 -1
215 123 1 -1
216 123 1 -1
217 123 1 -1
218 123 1 -1
219 123 1 -1
231 123 1 -2
234 123 1 -1
235 123 1 -1
236 123 1 -1
237 123 1 -1
238 123 1 -1
239 123 1 -1
241 123 1 -1
243 123 0 0
245 123 1 0
246 123 1 0
247 123 1 0
248 123 1 0
249 123 1 0
251 123 1 -1
253 123 0 0
254 123 1 0
256 123 1 0
257 123 1 0
258 123 1 0
259 123 1 0
261 123 1 -1
263 123 0 0
264 123 1 0
265 123 1 0
267 123 1 0
268 123 1 0
269 123 1 0
271 123 1 -1
273 123 0 0
274 123 1 0
275 123 1 0
276 123 1 0
278 123 1 0
279 123 1 0
281 123 1 -1
283 123 0 0
284 123 1 0
285 123 1 0
286 123 1 0
287 123 1 0
289 123 1 0
291 123 1 -1
293 123 0 0
294 123 1 0
295 123 1 0
296 123 1 0
297 123 1 0
298 123 1 0
312 123 1 -2
314 123 1 -1
315 123 1 -1
316 123 1 -1
317 123 1 -1
318 123 1 -1
319 123 1 -1
321 123 0 -1
324 123 0 0
325 123 0 0
326 123 0 0
327 123 0 0
328 123 0 0
329 123 0 0
341 123 1 -1
342 123 1 -1
345 123 1 0
346 123 1 0
347 123 1 0
348 123 1 0
349 123 1 0
351 123 1 -1
352 123 1 -1
354 123 1 0
356 123 1 0
357 123 1 0
358 123 1 0
359 123 1 0
361 123 1 -1
362 123 1 -1
364 123 1 0
365 123 1 0
367 123 1 0
368 123 1 0
369 123 1 0
371 123 1 -1
372 123 1 -1
374 123 1 0
375 123 1 0
376 123 1 0
378 123 1 0
379 123 1 0
381 123 1 -1
382 123 1 -1
384 123 1 0
385 123 1 0
386 123 1 0
387 123 1 0
389 123 1 0
391 123 1 -1
392 123 1 -1
394 123 1 0
395 123 1 0
396 123 1 0
397 123 1 0
398 123 1 0
412 123 1 -1
413 123 0 0
415 123 1 0
416 123 1 0
417 123 1 0
418 123 1 0
419 123 1 0
421 123 0 0
423 123 -1 1
425 123 0 1
426 123 0 1
427 123 0 1
428 123 0 1
429 123 0 1
431 123 1 -1
432 123 1 -1
435 123 1 0
436 123 1 0
437 123 1 0
438 123 1 0
439 123 1 0
451 123 1 0
452 123 1 0
453 123 0 1
456 123 1 1
457 123 1 1
458 123 1 1
459 123 1 1
461 123 1 0
462 123 1 0
463 123 0 1
465 123 1 1
467 123 1 1
468 123 1 1
469 123 1 1
471 123 1 0
472 123 1 0
473 123 0 1
475 123 1 1
476 123 1 1
478 123 1 1
479 123 1 1
481 123 1 0
482 123 1 0
483 123 0 1
485 123 1 1
486 123 1 1
487 123 1 1
489 123 1 1
491 123 1 0
492 123 1 0
493 123 0 1
495 123 1 1
496 123 1 1
497 123 1 1
498 123 1 1
512 123 1 -1
513 123 0 0
514 123 1 0
516 123 1 0
517 123 1 0
518 123 1 0
519 123 1 0
521 123 0 0
523 123 -1 1
524 123 0 1
526 123 0 1
527 123 0 1
528 123 0 1
529 123 0 1
531 123 1 -1
532 123 1 -1
534 123 1 0
536 123 1 0
537 123 1 0
538 123 1 0
539 123 1 0
541 123 1 0
542 123 1 0
543 123 0 1
546 123 1 1
547 123 1 1
548 123 1 1
549 123 1 1
561 123 1 0
562 123 1 0
563 123 0 1
564 123 1 1
567 123 1 1
568 123 1 1
569 123 1 1
571 123 1 0
572 123 1 0
573 123 0 1
574 123 1 1
576 123 1 1
578 123 1 1
579 123 1 1
581 123 1 0
582 123 1 0
583 123 0 1
584 123 1 1
586 123 1 1
587 123 1 1
589 123 1 1
591 123 1 0
592 123 1 0
593 123 0 1
594 123 1 1
596 123 1 1
597 123 1 1
598 123 1 1
612 123 1 -1
613 123 0 0
614 123 1 0
615 123 1 0
617 123 1 0
618 123 1 0
619 123 1 0
621 123 0 0
623 123 -1 1
624 123 0 1
625 123 0 1
627 123 0 1
628 123 0 1
629 123 0 1
631 123 1 -1
632 123 1 -1
634 123 1 0
635 123 1 0
637 123 1 0
638 123 1 0
639 123 1 0
641 123 1 0
642 123 1 0
643 123 0 1
645 123 1 1
647 123 1 1
648 123 1 1
649 123 1 1
651 123 1 0
652 123 1 0
653 123 0 1
654 123 1 1
657 123 1 1
658 123 1 1
659 123 1 1
671 123 1 0
672 123 1 0
673 123 0 1
674 123 1 1
675 123 1 1
678 123 1 1
679 123 1 1
681 123 1 0
682 123 1 0
683 123 0 1
684 123 1 1
685 123 1 1
687 123 1 1
689 123 1 1
691 123 1 0
692 123 1 0
693 123 0 1
694 123 1 1
695 123 1 1
697 123 1 1
698 123 1 1
712 123 1 -1
713 123 0 0
714 123 1 0
715 123 1 0
716 123 1 0
718 123 1 0
719 123 1 0
721 123 0 0
723 123 -1 1
724 123 0 1
725 123 0 1
726 123 0 1
728 123 0 1
729 123 0 1
731 123 1 -1
732 123 1 -1
734 123 1 0
735 123 1 0
736 123 1 0
738 123 1 0
739 123 1 0
741 123 1 0
742 123 1 0
743 123 0 1
745 123 1 1
746 123 1 1
748 123 1 1
749 123 1 1
751 123 1 0
752 123 1 0
753 123 0 1
754 123 1 1
756 123 1 1
758 123 1 1
759 123 1 1
761 123 1 0
762 123 1 0
763 123 0 1
764 123 1 1
765 123 1 1
768 123 1 1
769 123 1 1
781 123 1 0
782 123 1 0
783 123 0 1
784 123 1 1
785 123 1 1
786 123 1 1
789 123 1 1
791 123 1 0
792 123 1 0
793 123 0 1
794 123 1 1
795 123 1 1
796 123 1 1
798 123 1 1
812 123 1 -1
813 123 0 0
814 123 1 0
815 123 1 0
816 123 1 0
817 123 1 0
819 123 1 0
821 123 0 0
823 123 -1 1
824 123 0 1
825 123 0 1
826 123 0 1
827 123 0 1
829 123 0 1
831 123 1 -1
832 123 1 -1
834 123 1 0
835 123 1 0
836 123 1 0
837 123 1 0
839 123 1 0
841 123 1 0
842 123 1 0
843 123 0 1
845 123 1 1
846 123 1 1
847 123 1 1
849 123 1 1
851 123 1 0
852 123 1 0
853 123 0 1
854 123 1 1
856 123 1 1
857 123 1 1
859 123 1 1
861 123 1 0
862 123 1 0
863 123 0 1
864 123 1 1
865 123 1 1
867 123 1 1
869 123 1 1
871 123 1 0
872 123 1 0
873 123 0 1
874 123 1 1
875 123 1 1
876 123 1 1
879 123 1 1
891 123 1 0
892 123 1 0
893 123 0 1
894 123 1 1
895 123 1 1
896 123 1 1
897 123 1 1
912 123 1 -1
913 123 0 0
914 123 1 0
915 123 1 0
916 123 1 0
917 123 1 0
918 123 1 0
921 123 0 0
923 123 -1 1
924 123 0 1
925 123 0 1
926 123 0 1
927 123 0 1
928 123 0 1
931 123 1 -1
932 123 1 -1
934 123 1 0
935 123 1 0
936 123 1 0
937 123 1 0
938 123 1 0
941 123 1 0
942 123 1 0
943 123 0 1
945 123 1 1
946 123 1 1
947 123 1 1
948 123 1 1
951 123 1 0
952 123 1 0
953 123 0 1
954 123 1 1
956 123 1 1
957 123 1 1
958 123 1 1
961 123 1 0
962 123 1 0
963 123 0 1
964 123 1 1
965 123 1 1
967 123 1 1
968 123 1 1
971 123 1 0
972 123 1 0
973 123 0 1
974 123 1 1
975 123 1 1
976 123 1 1
978 123 1 1
981 123 1 0
982 123 1 0
983 123 0 1
984 123 1 1
985 123 1 1
986 123 1 1
987 123 1 1
_______________________________
134 356 1 -1
135 356 1 -2
136 356 0 -1
137 356 1 -1
138 356 1 -1
139 356 1 -1
142 356 1 0
152 356 0 0
162 356 1 -1
172 356 1 0
182 356 1 0
192 356 1 0
243 356 1 -1
253 356 0 -1
263 356 1 -2
273 356 1 -1
283 356 1 -1
293 356 1 -1
324 356 0 0
325 356 0 -1
326 356 -1 0
327 356 0 0
328 356 0 0
329 356 0 0
413 356 1 -1
421 356 1 0
513 356 1 -2
521 356 1 -1
613 356 1 -2
621 356 1 -1
713 356 1 -1
721 356 1 0
813 356 1 -1
821 356 1 0
913 356 1 -1
921 356 1 0
_______________________________
152 327 2 -1
324 327 0 0
327 327 -1 0
328 327 0 0
329 327 0 0
_______________________________
324 489 0 0
328 489 0 0
329 489 -1 1
_______________________________
